02000000000000000000000000000000000000000000000000000000008000000080800e0080800c0080800a0080800800808006008080040080800200808000
02000000000000000000000000000000000000000000000000000000008000010080801e0080801c0080801a0080801800808016008080140080801200808010
02000000000000000000000000000000000000000000000000000000008040000080802e0080802c0080802a0080802800808026008080240080802200808020
02000000000000000000000000000000000000000000000000000000008040010080803e0080803c0080803a0080803800808036008080340080803200808030
02000000000000000000000000000000000000000000000000000000008040020080804e0080804c0080804a0080804800808046008080440080804200808040
02000000000000000000000000000000000000000000000000000000008040030080805e0080805c0080805a0080805800808056008080540080805200808050
02000000000000000000000000000000000000000000000000000000008080000000000000000000000000000000000000000000000000000000000000000000
02000000000000000000000000000000000000000000000000000000008080010000000100000001000000000000000000000000000000000000000000000000
02000000000000000000000000000000000000000000000000000000008080020000000000000000000000000000000000000000000000000000000000000000
02000000000000000000000000000000000000000000000000000000008080030000000000000000000000000000000000000000000000000000000000000000
02000000000000000000000000000000000000000000000000000000008080040000000000000000000000000000000000000000000000000000000000000000
02000000000000000000000000000000000000000000000000000000008080050000000000000000000000000000000000000000000000000000000000000000
02000000000000000000000000000000000000000000000000000000008080060000000000000000000000000000000000000000000000000000000000000000
02000000000000000000000000000000000000000000000000000000008080070000000000000000000000000000000000000000000000000000000000000000
02000000000000000000000000000000000000000000000000000000008080080000000000000000000000000000000000000000000000000000000000000000
02000000000000000000000000000000000000000000000000000000008080090000000000000000000000000000000000000000000000000000000000000000
020000000000000000000000000000000000000000000000000000000080800a0000000000000000000000000000000000000000000000000000000000000000
020000000000000000000000000000000000000000000000000000000080800b0000000000000000000000000000000000000000000000000000000000000000
020000000000000000000000000000000000000000000000000000000080800c0000000000000000000000000000000000000000000000000000000000000000
020000000000000000000000000000000000000000000000000000000080800d0000000000000000000000000000000000000000000000000000000000000000
020000000000000000000000000000000000000000000000000000000080800e0000000000000000000000000000000000000000000000000000000000000000
020000000000000000000000000000000000000000000000000000000080800f0000000000000000000000000000000000000000000000000000000000000000
02000000000000000000000000000000000000000000000000000000008080100000000000000000000000000000000000000000000000000000000000000000
02000000000000000000000000000000000000000000000000000000008080110000000000000000000000000000000000000000000000000000000000000000
02000000000000000000000000000000000000000000000000000000008080120000000000000000000000000000000000000000000000000000000000000000
02000000000000000000000000000000000000000000000000000000008080130000000000000000000000000000000000000000000000000000000000000000
02000000000000000000000000000000000000000000000000000000008080140000000000000000000000000000000000000000000000000000000000000000
02000000000000000000000000000000000000000000000000000000008080150000000000000000000000000000000000000000000000000000000000000000
02000000000000000000000000000000000000000000000000000000008080160000000000000000000000000000000000000000000000000000000000000000
02000000000000000000000000000000000000000000000000000000008080170000000000000000000000000000000000000000000000000000000000000000
02000000000000000000000000000000000000000000000000000000008080180000000000000000000000000000000000000000000000000000000000000000
02000000000000000000000000000000000000000000000000000000008080190000000000000000000000000000000000000000000000000000000000000000
020000000000000000000000000000000000000000000000000000000080801a0000000000000000000000000000000000000000000000000000000000000000
020000000000000000000000000000000000000000000000000000000080801b0000000000000000000000000000000000000000000000000000000000000000
020000000000000000000000000000000000000000000000000000000080801c0000000000000000000000000000000000000000000000000000000000000000
020000000000000000000000000000000000000000000000000000000080801d0000000000000000000000000000000000000000000000000000000000000000
020000000000000000000000000000000000000000000000000000000080801e0000000000000000000000000000000000000000000000000000000000000000
020000000000000000000000000000000000000000000000000000000080801f0000000000000000000000000000000000000000000000000000000000000000
02000000000000000000000000000000000000000000000000000000008080208000000000000000000000000000000000000000000000000000000000000000
02000000000000000000000000000000000000000000000000000000008080210000000000000000000000000000000000000000000000000000000000000000
02000000000000000000000000000000000000000000000000000000008080228000000100000000000000000000000000000000000000000000000000000000
02000000000000000000000000000000000000000000000000000000008080230000000000000000000000000000000000000000000000000000000000000000
02000000000000000000000000000000000000000000000000000000008080248000000200000000000000000000000000000000000000000000000000000000
02000000000000000000000000000000000000000000000000000000008080250000000000000000000000000000000000000000000000000000000000000000
02000000000000000000000000000000000000000000000000000000008080268000000300000000000000000000000000000000000000000000000000000000
02000000000000000000000000000000000000000000000000000000008080270000000000000000000000000000000000000000000000000000000000000000
02000000000000000000000000000000000000000000000000000000008080288000000400000000000000000000000000000000000000000000000000000000
02000000000000000000000000000000000000000000000000000000008080290000000000000000000000000000000000000000000000000000000000000000
020000000000000000000000000000000000000000000000000000000080802a8000000500000000000000000000000000000000000000000000000000000000
020000000000000000000000000000000000000000000000000000000080802b0000000000000000000000000000000000000000000000000000000000000000
020000000000000000000000000000000000000000000000000000000080802c8000000600000000000000000000000000000000000000000000000000000000
020000000000000000000000000000000000000000000000000000000080802d0000000000000000000000000000000000000000000000000000000000000000
020000000000000000000000000000000000000000000000000000000080802e8000000700000000000000000000000000000000000000000000000000000000
020000000000000000000000000000000000000000000000000000000080802f0000000000000000000000000000000000000000000000000000000000000000
02000000000000000000000000000000000000000000000000000000008080308000000800000000000000000000000000000000000000000000000000000000
02000000000000000000000000000000000000000000000000000000008080310000000000000000000000000000000000000000000000000000000000000000
02000000000000000000000000000000000000000000000000000000008080328000000900000000000000000000000000000000000000000000000000000000
02000000000000000000000000000000000000000000000000000000008080330000000000000000000000000000000000000000000000000000000000000000
02000000000000000000000000000000000000000000000000000000008080348000000a00000000000000000000000000000000000000000000000000000000
02000000000000000000000000000000000000000000000000000000008080350000000000000000000000000000000000000000000000000000000000000000
02000000000000000000000000000000000000000000000000000000008080368000000b00000000000000000000000000000000000000000000000000000000
02000000000000000000000000000000000000000000000000000000008080370000000000000000000000000000000000000000000000000000000000000000
02000000000000000000000000000000000000000000000000000000008080388000000c00000000000000000000000000000000000000000000000000000000
02000000000000000000000000000000000000000000000000000000008080390000000000000000000000000000000000000000000000000000000000000000
020000000000000000000000000000000000000000000000000000000080803a8000000d00000000000000000000000000000000000000000000000000000000
020000000000000000000000000000000000000000000000000000000080803b0000000000000000000000000000000000000000000000000000000000000000
020000000000000000000000000000000000000000000000000000000080803c8000000e00000000000000000000000000000000000000000000000000000000
020000000000000000000000000000000000000000000000000000000080803d0000000000000000000000000000000000000000000000000000000000000000
020000000000000000000000000000000000000000000000000000000080803e8000000f00000000000000000000000000000000000000000000000000000000
020000000000000000000000000000000000000000000000000000000080803f0000000000000000000000000000000000000000000000000000000000000000
02000000000000000000000000000000000000000000000000000000008080408000001000000000000000000000000000000000000000000000000000000000
02000000000000000000000000000000000000000000000000000000008080410000000000000000000000000000000000000000000000000000000000000000
02000000000000000000000000000000000000000000000000000000008080428000001100000000000000000000000000000000000000000000000000000000
02000000000000000000000000000000000000000000000000000000008080430000000000000000000000000000000000000000000000000000000000000000
02000000000000000000000000000000000000000000000000000000008080448000001200000000000000000000000000000000000000000000000000000000
02000000000000000000000000000000000000000000000000000000008080450000000000000000000000000000000000000000000000000000000000000000
02000000000000000000000000000000000000000000000000000000008080460000000000000000000000000000000000000000000000000000000000000000
02000000000000000000000000000000000000000000000000000000008080470000000000000000000000000000000000000000000000000000000000000000
02000000000000000000000000000000000000000000000000000000008080480000000000000000000000000000000000000000000000000000000000000000
02000000000000000000000000000000000000000000000000000000008080490000000000000000000000000000000000000000000000000000000000000000
020000000000000000000000000000000000000000000000000000000080804a0000000000000000000000000000000000000000000000000000000000000000
020000000000000000000000000000000000000000000000000000000080804b0000000000000000000000000000000000000000000000000000000000000000
020000000000000000000000000000000000000000000000000000000080804c0000000000000000000000000000000000000000000000000000000000000000
020000000000000000000000000000000000000000000000000000000080804d0000000000000000000000000000000000000000000000000000000000000000
020000000000000000000000000000000000000000000000000000000080804e0000000000000000000000000000000000000000000000000000000000000000
020000000000000000000000000000000000000000000000000000000080804f0000000000000000000000000000000000000000000000000000000000000000
02000000000000000000000000000000000000000000000000000000008080500000000000000000000000000000000000000000000000000000000000000000
02000000000000000000000000000000000000000000000000000000008080510000000000000000000000000000000000000000000000000000000000000000
02000000000000000000000000000000000000000000000000000000008080520000000000000000000000000000000000000000000000000000000000000000
02000000000000000000000000000000000000000000000000000000008080530000000000000000000000000000000000000000000000000000000000000000
02000000000000000000000000000000000000000000000000000000008080540000000000000000000000000000000000000000000000000000000000000000
02000000000000000000000000000000000000000000000000000000008080550000000000000000000000000000000000000000000000000000000000000000
02000000000000000000000000000000000000000000000000000000008080560000000000000000000000000000000000000000000000000000000000000000
02000000000000000000000000000000000000000000000000000000008080570000000000000000000000000000000000000000000000000000000000000000
02000000000000000000000000000000000000000000000000000000008080580000000000000000000000000000000000000000000000000000000000000000
02000000000000000000000000000000000000000000000000000000008080590000000000000000000000000000000000000000000000000000000000000000
020000000000000000000000000000000000000000000000000000000080805a0000000000000000000000000000000000000000000000000000000000000000
020000000000000000000000000000000000000000000000000000000080805b0000000000000000000000000000000000000000000000000000000000000000
020000000000000000000000000000000000000000000000000000000080805c0000000000000000000000000000000000000000000000000000000000000000
020000000000000000000000000000000000000000000000000000000080805d0000000000000000000000000000000000000000000000000000000000000000
020000000000000000000000000000000000000000000000000000000080805e0000000000000000000000000000000000000000000000000000000000000000
020000000000000000000000000000000000000000000000000000000080805f0000000000000000000000000000000000000000000000000000000000000000
04000000000000000000000000000000000000000000000000000000000000000000000000000000000000000000000000000000000000000000000000400001
08000000000000000000000000000000000000000000000000000000000000000000000000000000000000000000000000000000000800800000001800400000
0300000000000000000000000000000000000000000000000000000000000000000000000000000000000000000000000000000000000000003e000000000000
0300000000000000000000000000000000000000000000000000000000000000000000000000000000000000000000000000000000000000003c000000000000
0300000000000000000000000000000000000000000000000000000000000000000000000000000000000000000000000000000000000000003a000000000000
03000000000000000000000000000000000000000000000000000000000000000000000000000000000000000000000000000000000000000038000000000000
03000000000000000000000000000000000000000000000000000000000000000000000000000000000000000000000000000000000000000036000000000000
03000000000000000000000000000000000000000000000000000000000000000000000000000000000000000000000000000000000000000034000000000000
03000000000000000000000000000000000000000000000000000000000000000000000000000000000000000000000000000000000000000032000000000000
03000000000000000000000000000000000000000000000000000000000000000000000000000000000000000000000000000000000000000030000000000000
0300000000000000000000000000000000000000000000000000000000000000000000000000000000000000000000000000000000000000002e000000000000
0300000000000000000000000000000000000000000000000000000000000000000000000000000000000000000000000000000000000000002c000000000000
0300000000000000000000000000000000000000000000000000000000000000000000000000000000000000000000000000000000000000002a000000000000
03000000000000000000000000000000000000000000000000000000000000000000000000000000000000000000000000000000000000000028000000000000
03000000000000000000000000000000000000000000000000000000000000000000000000000000000000000000000000000000000000000026000000000000
03000000000000000000000000000000000000000000000000000000000000000000000000000000000000000000000000000000000000000024000000000000
03000000000000000000000000000000000000000000000000000000000000000000000000000000000000000000000000000000000000000022000000000000
03000000000000000000000000000000000000000000000000000000000000000000000000000000000000000000000000000000000000000020000000000000
0300000000000000000000000000000000000000000000000000000000000000000000000000000000000000000000000000000000000000003e001000000000
0300000000000000000000000000000000000000000000000000000000000000000000000000000000000000000000000000000000000000003c001000000000
0300000000000000000000000000000000000000000000000000000000000000000000000000000000000000000000000000000000000000003a001000000000
03000000000000000000000000000000000000000000000000000000000000000000000000000000000000000000000000000000000000000038001000000000
03000000000000000000000000000000000000000000000000000000000000000000000000000000000000000000000000000000000000000036001000000000
03000000000000000000000000000000000000000000000000000000000000000000000000000000000000000000000000000000000000000034001000000000
03000000000000000000000000000000000000000000000000000000000000000000000000000000000000000000000000000000000000000032001000000000
03000000000000000000000000000000000000000000000000000000000000000000000000000000000000000000000000000000000000000030001000000000
0300000000000000000000000000000000000000000000000000000000000000000000000000000000000000000000000000000000000000002e001000000000
0300000000000000000000000000000000000000000000000000000000000000000000000000000000000000000000000000000000000000002c001000000000
0300000000000000000000000000000000000000000000000000000000000000000000000000000000000000000000000000000000000000002a001000000000
03000000000000000000000000000000000000000000000000000000000000000000000000000000000000000000000000000000000000000028001000000000
03000000000000000000000000000000000000000000000000000000000000000000000000000000000000000000000000000000000000000026001000000000
03000000000000000000000000000000000000000000000000000000000000000000000000000000000000000000000000000000000000000024001000000000
03000000000000000000000000000000000000000000000000000000000000000000000000000000000000000000000000000000000000000022001000000000
03000000000000000000000000000000000000000000000000000000000000000000000000000000000000000000000000000000000000000020001000000000
01000000000000000000000000000000000000000000000000000000000000000000000000000000000000000000000000000000000000000000000000000000
00000000000000000000000000000000000000000000000000000000000000000000000000000000000000000000000000000000000000000000000000000001
06000000000000000000000000000000000000000000000000000000000000000000000000000000000000000000000000000000000000000000000000000000
01000000000000000000000000000000000000000000000000000000000000000000000000000000000000000000000000000000000000000000000000000000
00000000000000000000000000000000000000000000000000000000000000000000000000000000000000000000000000000000000000000000000000000001
06000000000000000000000000000000000000000000000000000000000000000000000000000000000000000000000000000000000000000000000000000000
01000000000000000000000000000000000000000000000000000000000000000000000000000000000000000000000000000000000000000000000000000000
00000000000000000000000000000000000000000000000000000000000000000000000000000000000000000000000000000000000000000000000000000001
06000000000000000000000000000000000000000000000000000000000000000000000000000000000000000000000000000000000000000000000000000000
01000000000000000000000000000000000000000000000000000000000000000000000000000000000000000000000000000000000000000000000000000000
00000000000000000000000000000000000000000000000000000000000000000000000000000000000000000000000000000000000000000000000000000001
06000000000000000000000000000000000000000000000000000000000000000000000000000000000000000000000000000000000000000000000000000000
01000000000000000000000000000000000000000000000000000000000000000000000000000000000000000000000000000000000000000000000000000000
00000000000000000000000000000000000000000000000000000000000000000000000000000000000000000000000000000000000000000000000000000001
06000000000000000000000000000000000000000000000000000000000000000000000000000000000000000000000000000000000000000000000000000000
01000000000000000000000000000000000000000000000000000000000000000000000000000000000000000000000000000000000000000000000000000000
00000000000000000000000000000000000000000000000000000000000000000000000000000000000000000000000000000000000000000000000000000001
06000000000000000000000000000000000000000000000000000000000000000000000000000000000000000000000000000000000000000000000000000000
01000000000000000000000000000000000000000000000000000000000000000000000000000000000000000000000000000000000000000000000000000000
00000000000000000000000000000000000000000000000000000000000000000000000000000000000000000000000000000000000000000000000000000001
06000000000000000000000000000000000000000000000000000000000000000000000000000000000000000000000000000000000000000000000000000000
01000000000000000000000000000000000000000000000000000000000000000000000000000000000000000000000000000000000000000000000000000000
00000000000000000000000000000000000000000000000000000000000000000000000000000000000000000000000000000000000000000000000000000001
06000000000000000000000000000000000000000000000000000000000000000000000000000000000000000000000000000000000000000000000000000000
01000000000000000000000000000000000000000000000000000000000000000000000000000000000000000000000000000000000000000000000000000000
00000000000000000000000000000000000000000000000000000000000000000000000000000000000000000000000000000000000000000000000000000001
06000000000000000000000000000000000000000000000000000000000000000000000000000000000000000000000000000000000000000000000000000000
01000000000000000000000000000000000000000000000000000000000000000000000000000000000000000000000000000000000000000000000000000000
00000000000000000000000000000000000000000000000000000000000000000000000000000000000000000000000000000000000000000000000000000001
06000000000000000000000000000000000000000000000000000000000000000000000000000000000000000000000000000000000000000000000000000000
01000000000000000000000000000000000000000000000000000000000000000000000000000000000000000000000000000000000000000000000000000000
00000000000000000000000000000000000000000000000000000000000000000000000000000000000000000000000000000000000000000000000000000001
06000000000000000000000000000000000000000000000000000000000000000000000000000000000000000000000000000000000000000000000000000000
01000000000000000000000000000000000000000000000000000000000000000000000000000000000000000000000000000000000000000000000000000000
00000000000000000000000000000000000000000000000000000000000000000000000000000000000000000000000000000000000000000000000000000001
06000000000000000000000000000000000000000000000000000000000000000000000000000000000000000000000000000000000000000000000000000000
01000000000000000000000000000000000000000000000000000000000000000000000000000000000000000000000000000000000000000000000000000000
00000000000000000000000000000000000000000000000000000000000000000000000000000000000000000000000000000000000000000000000000000001
06000000000000000000000000000000000000000000000000000000000000000000000000000000000000000000000000000000000000000000000000000000
01000000000000000000000000000000000000000000000000000000000000000000000000000000000000000000000000000000000000000000000000000000
00000000000000000000000000000000000000000000000000000000000000000000000000000000000000000000000000000000000000000000000000000001
06000000000000000000000000000000000000000000000000000000000000000000000000000000000000000000000000000000000000000000000000000000
01000000000000000000000000000000000000000000000000000000000000000000000000000000000000000000000000000000000000000000000000000000
00000000000000000000000000000000000000000000000000000000000000000000000000000000000000000000000000000000000000000000000000000001
06000000000000000000000000000000000000000000000000000000000000000000000000000000000000000000000000000000000000000000000000000000
01000000000000000000000000000000000000000000000000000000000000000000000000000000000000000000000000000000000000000000000000000000
00000000000000000000000000000000000000000000000000000000000000000000000000000000000000000000000000000000000000000000000000000001
06000000000000000000000000000000000000000000000000000000000000000000000000000000000000000000000000000000000000000000000000000000
01000000000000000000000000000000000000000000000000000000000000000000000000000000000000000000000000000000000000000000000000000000
00000000000000000000000000000000000000000000000000000000000000000000000000000000000000000000000000000000000000000000000000000001
06000000000000000000000000000000000000000000000000000000000000000000000000000000000000000000000000000000000000000000000000000000
01000000000000000000000000000000000000000000000000000000000000000000000000000000000000000000000000000000000000000000000000000000
00000000000000000000000000000000000000000000000000000000000000000000000000000000000000000000000000000000000000000000000000000001
06000000000000000000000000000000000000000000000000000000000000000000000000000000000000000000000000000000000000000000000000000000
01000000000000000000000000000000000000000000000000000000000000000000000000000000000000000000000000000000000000000000000000000000
00000000000000000000000000000000000000000000000000000000000000000000000000000000000000000000000000000000000000000000000000000001
06000000000000000000000000000000000000000000000000000000000000000000000000000000000000000000000000000000000000000000000000000000
01000000000000000000000000000000000000000000000000000000000000000000000000000000000000000000000000000000000000000000000000000000
00000000000000000000000000000000000000000000000000000000000000000000000000000000000000000000000000000000000000000000000000000001
06000000000000000000000000000000000000000000000000000000000000000000000000000000000000000000000000000000000000000000000000000000
