02000000000000000000000000000000000000000000000000000000008000000080800e0080800c0080800a0080800800808006008080040080800200808000
02000000000000000000000000000000000000000000000000000000008000010080801e0080801c0080801a0080801800808016008080140080801200808010
02000000000000000000000000000000000000000000000000000000008040000080802e0080802c0080802a0080802800808026008080240080802200808020
02000000000000000000000000000000000000000000000000000000008040010080803e0080803c0080803a0080803800808036008080340080803200808030
02000000000000000000000000000000000000000000000000000000008040020080804e0080804c0080804a0080804800808046008080440080804200808040
02000000000000000000000000000000000000000000000000000000008040030080805e0080805c0080805a0080805800808056008080540080805200808050
02000000000000000000000000000000000000000000000000000000008040040080806e0080806c0080806a0080806800808066008080640080806200808060
02000000000000000000000000000000000000000000000000000000008040050080807e0080807c0080807a0080807800808076008080740080807200808070
02000000000000000000000000000000000000000000000000000000008080000000000000000000000000000000000000000000000000000000000000000000
02000000000000000000000000000000000000000000000000000000008080010001000100010002000100030001000400010005000000000000000000000000
02000000000000000000000000000000000000000000000000000000008080020000000000000000000000000000000000000000000000000000000000000000
02000000000000000000000000000000000000000000000000000000008080030000000000000000000000000000000000000000000000000000000000000000
02000000000000000000000000000000000000000000000000000000008080040000000000000000000000000000000000000000000000000000000000000000
02000000000000000000000000000000000000000000000000000000008080050000000000000000000000000000000000000000000000000000000000000000
02000000000000000000000000000000000000000000000000000000008080060000000000000000000000000000000000000000000000000000000000000000
02000000000000000000000000000000000000000000000000000000008080070000000000000000000000000000000000000000000000000000000000000000
02000000000000000000000000000000000000000000000000000000008080080000000000000000000000000000000000000000000000000000000000000000
02000000000000000000000000000000000000000000000000000000008080090000000000000000000000000000000000000000000000000000000000000000
020000000000000000000000000000000000000000000000000000000080800a0000000000000000000000000000000000000000000000000000000000000000
020000000000000000000000000000000000000000000000000000000080800b0000000000000000000000000000000000000000000000000000000000000000
020000000000000000000000000000000000000000000000000000000080800c0000000000000000000000000000000000000000000000000000000000000000
020000000000000000000000000000000000000000000000000000000080800d0000000000000000000000000000000000000000000000000000000000000000
020000000000000000000000000000000000000000000000000000000080800e0000000000000000000000000000000000000000000000000000000000000000
020000000000000000000000000000000000000000000000000000000080800f0000000000000000000000000000000000000000000000000000000000000000
02000000000000000000000000000000000000000000000000000000008080100000000000000000000000000000000000000000000000000000000000000000
02000000000000000000000000000000000000000000000000000000008080110000000000000000000000000000000000000000000000000000000000000000
02000000000000000000000000000000000000000000000000000000008080120000000000000000000000000000000000000000000000000000000000000000
02000000000000000000000000000000000000000000000000000000008080130000000000000000000000000000000000000000000000000000000000000000
02000000000000000000000000000000000000000000000000000000008080140000000000000000000000000000000000000000000000000000000000000000
02000000000000000000000000000000000000000000000000000000008080150000000000000000000000000000000000000000000000000000000000000000
02000000000000000000000000000000000000000000000000000000008080160000000000000000000000000000000000000000000000000000000000000000
02000000000000000000000000000000000000000000000000000000008080170000000000000000000000000000000000000000000000000000000000000000
02000000000000000000000000000000000000000000000000000000008080180000000000000000000000000000000000000000000000000000000000000000
02000000000000000000000000000000000000000000000000000000008080190000000000000000000000000000000000000000000000000000000000000000
020000000000000000000000000000000000000000000000000000000080801a0000000000000000000000000000000000000000000000000000000000000000
020000000000000000000000000000000000000000000000000000000080801b0000000000000000000000000000000000000000000000000000000000000000
020000000000000000000000000000000000000000000000000000000080801c0000000000000000000000000000000000000000000000000000000000000000
020000000000000000000000000000000000000000000000000000000080801d0000000000000000000000000000000000000000000000000000000000000000
020000000000000000000000000000000000000000000000000000000080801e0000000000000000000000000000000000000000000000000000000000000000
020000000000000000000000000000000000000000000000000000000080801f0000000000000000000000000000000000000000000000000000000000000000
02000000000000000000000000000000000000000000000000000000008080208000000000000000000000000000000000000000000000000000000000000000
02000000000000000000000000000000000000000000000000000000008080210000000000000000000000000000000000000000000000000000000000000000
02000000000000000000000000000000000000000000000000000000008080228000000100000000000000000000000000000000000000000000000000000000
02000000000000000000000000000000000000000000000000000000008080230000000000000000000000000000000000000000000000000000000000000000
02000000000000000000000000000000000000000000000000000000008080248000000200000000000000000000000000000000000000000000000000000000
02000000000000000000000000000000000000000000000000000000008080250000000000000000000000000000000000000000000000000000000000000000
02000000000000000000000000000000000000000000000000000000008080268000000300000000000000000000000000000000000000000000000000000000
02000000000000000000000000000000000000000000000000000000008080270000000000000000000000000000000000000000000000000000000000000000
02000000000000000000000000000000000000000000000000000000008080288000000400000000000000000000000000000000000000000000000000000000
02000000000000000000000000000000000000000000000000000000008080290000000000000000000000000000000000000000000000000000000000000000
020000000000000000000000000000000000000000000000000000000080802a8000000500000000000000000000000000000000000000000000000000000000
020000000000000000000000000000000000000000000000000000000080802b0000000000000000000000000000000000000000000000000000000000000000
020000000000000000000000000000000000000000000000000000000080802c8000000600000000000000000000000000000000000000000000000000000000
020000000000000000000000000000000000000000000000000000000080802d0000000000000000000000000000000000000000000000000000000000000000
020000000000000000000000000000000000000000000000000000000080802e8000000700000000000000000000000000000000000000000000000000000000
020000000000000000000000000000000000000000000000000000000080802f0000000000000000000000000000000000000000000000000000000000000000
02000000000000000000000000000000000000000000000000000000008080308000000800000000000000000000000000000000000000000000000000000000
02000000000000000000000000000000000000000000000000000000008080310000000000000000000000000000000000000000000000000000000000000000
02000000000000000000000000000000000000000000000000000000008080328000000900000000000000000000000000000000000000000000000000000000
02000000000000000000000000000000000000000000000000000000008080330000000000000000000000000000000000000000000000000000000000000000
02000000000000000000000000000000000000000000000000000000008080348000000a00000000000000000000000000000000000000000000000000000000
02000000000000000000000000000000000000000000000000000000008080350000000000000000000000000000000000000000000000000000000000000000
02000000000000000000000000000000000000000000000000000000008080368000000b00000000000000000000000000000000000000000000000000000000
02000000000000000000000000000000000000000000000000000000008080370000000000000000000000000000000000000000000000000000000000000000
02000000000000000000000000000000000000000000000000000000008080388000000c00000000000000000000000000000000000000000000000000000000
02000000000000000000000000000000000000000000000000000000008080390000000000000000000000000000000000000000000000000000000000000000
020000000000000000000000000000000000000000000000000000000080803a8000000d00000000000000000000000000000000000000000000000000000000
020000000000000000000000000000000000000000000000000000000080803b0000000000000000000000000000000000000000000000000000000000000000
020000000000000000000000000000000000000000000000000000000080803c8000000e00000000000000000000000000000000000000000000000000000000
020000000000000000000000000000000000000000000000000000000080803d0000000000000000000000000000000000000000000000000000000000000000
020000000000000000000000000000000000000000000000000000000080803e8000000f00000000000000000000000000000000000000000000000000000000
020000000000000000000000000000000000000000000000000000000080803f0000000000000000000000000000000000000000000000000000000000000000
02000000000000000000000000000000000000000000000000000000008080408000001000000000000000000000000000000000000000000000000000000000
02000000000000000000000000000000000000000000000000000000008080410000000000000000000000000000000000000000000000000000000000000000
02000000000000000000000000000000000000000000000000000000008080428000001100000000000000000000000000000000000000000000000000000000
02000000000000000000000000000000000000000000000000000000008080430000000000000000000000000000000000000000000000000000000000000000
02000000000000000000000000000000000000000000000000000000008080448000001200000000000000000000000000000000000000000000000000000000
02000000000000000000000000000000000000000000000000000000008080450000000000000000000000000000000000000000000000000000000000000000
02000000000000000000000000000000000000000000000000000000008080468000001300000000000000000000000000000000000000000000000000000000
02000000000000000000000000000000000000000000000000000000008080470000000000000000000000000000000000000000000000000000000000000000
02000000000000000000000000000000000000000000000000000000008080488000001400000000000000000000000000000000000000000000000000000000
02000000000000000000000000000000000000000000000000000000008080490000000000000000000000000000000000000000000000000000000000000000
020000000000000000000000000000000000000000000000000000000080804a8000001500000000000000000000000000000000000000000000000000000000
020000000000000000000000000000000000000000000000000000000080804b0000000000000000000000000000000000000000000000000000000000000000
020000000000000000000000000000000000000000000000000000000080804c8000001600000000000000000000000000000000000000000000000000000000
020000000000000000000000000000000000000000000000000000000080804d0000000000000000000000000000000000000000000000000000000000000000
020000000000000000000000000000000000000000000000000000000080804e8000001700000000000000000000000000000000000000000000000000000000
020000000000000000000000000000000000000000000000000000000080804f0000000000000000000000000000000000000000000000000000000000000000
02000000000000000000000000000000000000000000000000000000008080508000001800000000000000000000000000000000000000000000000000000000
02000000000000000000000000000000000000000000000000000000008080510000000000000000000000000000000000000000000000000000000000000000
02000000000000000000000000000000000000000000000000000000008080528000001900000000000000000000000000000000000000000000000000000000
02000000000000000000000000000000000000000000000000000000008080530000000000000000000000000000000000000000000000000000000000000000
02000000000000000000000000000000000000000000000000000000008080548000001a00000000000000000000000000000000000000000000000000000000
02000000000000000000000000000000000000000000000000000000008080550000000000000000000000000000000000000000000000000000000000000000
02000000000000000000000000000000000000000000000000000000008080568000001b00000000000000000000000000000000000000000000000000000000
02000000000000000000000000000000000000000000000000000000008080570000000000000000000000000000000000000000000000000000000000000000
02000000000000000000000000000000000000000000000000000000008080588000001c00000000000000000000000000000000000000000000000000000000
02000000000000000000000000000000000000000000000000000000008080590000000000000000000000000000000000000000000000000000000000000000
020000000000000000000000000000000000000000000000000000000080805a8000001d00000000000000000000000000000000000000000000000000000000
020000000000000000000000000000000000000000000000000000000080805b0000000000000000000000000000000000000000000000000000000000000000
020000000000000000000000000000000000000000000000000000000080805c8000001e00000000000000000000000000000000000000000000000000000000
020000000000000000000000000000000000000000000000000000000080805d0000000000000000000000000000000000000000000000000000000000000000
020000000000000000000000000000000000000000000000000000000080805e8000001f00000000000000000000000000000000000000000000000000000000
020000000000000000000000000000000000000000000000000000000080805f0000000000000000000000000000000000000000000000000000000000000000
02000000000000000000000000000000000000000000000000000000008080608000002000000000000000000000000000000000000000000000000000000000
02000000000000000000000000000000000000000000000000000000008080610000000000000000000000000000000000000000000000000000000000000000
02000000000000000000000000000000000000000000000000000000008080628000002100000000000000000000000000000000000000000000000000000000
02000000000000000000000000000000000000000000000000000000008080630000000000000000000000000000000000000000000000000000000000000000
02000000000000000000000000000000000000000000000000000000008080648000002200000000000000000000000000000000000000000000000000000000
02000000000000000000000000000000000000000000000000000000008080650000000000000000000000000000000000000000000000000000000000000000
02000000000000000000000000000000000000000000000000000000008080668000002300000000000000000000000000000000000000000000000000000000
02000000000000000000000000000000000000000000000000000000008080670000000000000000000000000000000000000000000000000000000000000000
02000000000000000000000000000000000000000000000000000000008080688000002400000000000000000000000000000000000000000000000000000000
02000000000000000000000000000000000000000000000000000000008080690000000000000000000000000000000000000000000000000000000000000000
020000000000000000000000000000000000000000000000000000000080806a8000002500000000000000000000000000000000000000000000000000000000
020000000000000000000000000000000000000000000000000000000080806b0000000000000000000000000000000000000000000000000000000000000000
020000000000000000000000000000000000000000000000000000000080806c8000002600000000000000000000000000000000000000000000000000000000
020000000000000000000000000000000000000000000000000000000080806d0000000000000000000000000000000000000000000000000000000000000000
020000000000000000000000000000000000000000000000000000000080806e8000002700000000000000000000000000000000000000000000000000000000
020000000000000000000000000000000000000000000000000000000080806f0000000000000000000000000000000000000000000000000000000000000000
02000000000000000000000000000000000000000000000000000000008080708000002800000000000000000000000000000000000000000000000000000000
02000000000000000000000000000000000000000000000000000000008080710000000000000000000000000000000000000000000000000000000000000000
02000000000000000000000000000000000000000000000000000000008080728000002900000000000000000000000000000000000000000000000000000000
02000000000000000000000000000000000000000000000000000000008080730000000000000000000000000000000000000000000000000000000000000000
02000000000000000000000000000000000000000000000000000000008080740000000000000000000000000000000000000000000000000000000000000000
02000000000000000000000000000000000000000000000000000000008080750000000000000000000000000000000000000000000000000000000000000000
02000000000000000000000000000000000000000000000000000000008080760000000000000000000000000000000000000000000000000000000000000000
02000000000000000000000000000000000000000000000000000000008080770000000000000000000000000000000000000000000000000000000000000000
02000000000000000000000000000000000000000000000000000000008080780000000000000000000000000000000000000000000000000000000000000000
02000000000000000000000000000000000000000000000000000000008080790000000000000000000000000000000000000000000000000000000000000000
020000000000000000000000000000000000000000000000000000000080807a0000000000000000000000000000000000000000000000000000000000000000
020000000000000000000000000000000000000000000000000000000080807b0000000000000000000000000000000000000000000000000000000000000000
020000000000000000000000000000000000000000000000000000000080807c0000000000000000000000000000000000000000000000000000000000000000
020000000000000000000000000000000000000000000000000000000080807d0000000000000000000000000000000000000000000000000000000000000000
020000000000000000000000000000000000000000000000000000000080807e0000000000000000000000000000000000000000000000000000000000000000
020000000000000000000000000000000000000000000000000000000080807f0000000000000000000000000000000000000000000000000000000000000000
04000000000000000000000000000000000000000000000000000000000000000000000000000000000000000000000000000000002000c00010000000540001
0300000000000000000000000000000000000000000000000000000000000000000000000000000000000000000000000000000000000000003e000000000000
0300000000000000000000000000000000000000000000000000000000000000000000000000000000000000000000000000000000000000003c000000000000
0300000000000000000000000000000000000000000000000000000000000000000000000000000000000000000000000000000000000000003a000000000000
03000000000000000000000000000000000000000000000000000000000000000000000000000000000000000000000000000000000000000038000000000000
03000000000000000000000000000000000000000000000000000000000000000000000000000000000000000000000000000000000000000036000000000000
03000000000000000000000000000000000000000000000000000000000000000000000000000000000000000000000000000000000000000034000000000000
03000000000000000000000000000000000000000000000000000000000000000000000000000000000000000000000000000000000000000032000000000000
03000000000000000000000000000000000000000000000000000000000000000000000000000000000000000000000000000000000000000030000000000000
0300000000000000000000000000000000000000000000000000000000000000000000000000000000000000000000000000000000000000002e000000000000
0300000000000000000000000000000000000000000000000000000000000000000000000000000000000000000000000000000000000000002c000000000000
0300000000000000000000000000000000000000000000000000000000000000000000000000000000000000000000000000000000000000002a000000000000
03000000000000000000000000000000000000000000000000000000000000000000000000000000000000000000000000000000000000000028000000000000
03000000000000000000000000000000000000000000000000000000000000000000000000000000000000000000000000000000000000000026000000000000
03000000000000000000000000000000000000000000000000000000000000000000000000000000000000000000000000000000000000000024000000000000
03000000000000000000000000000000000000000000000000000000000000000000000000000000000000000000000000000000000000000022000000000000
03000000000000000000000000000000000000000000000000000000000000000000000000000000000000000000000000000000000000000020000000000000
0300000000000000000000000000000000000000000000000000000000000000000000000000000000000000000000000000000000000000003e001000000000
0300000000000000000000000000000000000000000000000000000000000000000000000000000000000000000000000000000000000000003c001000000000
0300000000000000000000000000000000000000000000000000000000000000000000000000000000000000000000000000000000000000003a001000000000
03000000000000000000000000000000000000000000000000000000000000000000000000000000000000000000000000000000000000000038001000000000
03000000000000000000000000000000000000000000000000000000000000000000000000000000000000000000000000000000000000000036001000000000
03000000000000000000000000000000000000000000000000000000000000000000000000000000000000000000000000000000000000000034001000000000
03000000000000000000000000000000000000000000000000000000000000000000000000000000000000000000000000000000000000000032001000000000
03000000000000000000000000000000000000000000000000000000000000000000000000000000000000000000000000000000000000000030001000000000
0300000000000000000000000000000000000000000000000000000000000000000000000000000000000000000000000000000000000000002e001000000000
0300000000000000000000000000000000000000000000000000000000000000000000000000000000000000000000000000000000000000002c001000000000
0300000000000000000000000000000000000000000000000000000000000000000000000000000000000000000000000000000000000000002a001000000000
03000000000000000000000000000000000000000000000000000000000000000000000000000000000000000000000000000000000000000028001000000000
03000000000000000000000000000000000000000000000000000000000000000000000000000000000000000000000000000000000000000026001000000000
03000000000000000000000000000000000000000000000000000000000000000000000000000000000000000000000000000000000000000024001000000000
03000000000000000000000000000000000000000000000000000000000000000000000000000000000000000000000000000000000000000022001000000000
03000000000000000000000000000000000000000000000000000000000000000000000000000000000000000000000000000000000000000020001000000000
0300000000000000000000000000000000000000000000000000000000000000000000000000000000000000000000000000000000000000003e002000000000
0300000000000000000000000000000000000000000000000000000000000000000000000000000000000000000000000000000000000000003c002000000000
0300000000000000000000000000000000000000000000000000000000000000000000000000000000000000000000000000000000000000003a002000000000
03000000000000000000000000000000000000000000000000000000000000000000000000000000000000000000000000000000000000000038002000000000
03000000000000000000000000000000000000000000000000000000000000000000000000000000000000000000000000000000000000000036002000000000
03000000000000000000000000000000000000000000000000000000000000000000000000000000000000000000000000000000000000000034002000000000
03000000000000000000000000000000000000000000000000000000000000000000000000000000000000000000000000000000000000000032002000000000
03000000000000000000000000000000000000000000000000000000000000000000000000000000000000000000000000000000000000000030002000000000
0300000000000000000000000000000000000000000000000000000000000000000000000000000000000000000000000000000000000000002e002000000000
0300000000000000000000000000000000000000000000000000000000000000000000000000000000000000000000000000000000000000002c002000000000
0300000000000000000000000000000000000000000000000000000000000000000000000000000000000000000000000000000000000000002a002000000000
03000000000000000000000000000000000000000000000000000000000000000000000000000000000000000000000000000000000000000028002000000000
03000000000000000000000000000000000000000000000000000000000000000000000000000000000000000000000000000000000000000026002000000000
03000000000000000000000000000000000000000000000000000000000000000000000000000000000000000000000000000000000000000024002000000000
03000000000000000000000000000000000000000000000000000000000000000000000000000000000000000000000000000000000000000022002000000000
03000000000000000000000000000000000000000000000000000000000000000000000000000000000000000000000000000000000000000020002000000000
06000000000000000000000000000000000000000000000000000000000000000000000000000000000000000000000000000000000000000000000000000000
06000000000000000000000000000000000000000000000000000000000000000000000000000000000000000000000000000000000000000000000000000000
06000000000000000000000000000000000000000000000000000000000000000000000000000000000000000000000000000000000000000000000000000000
06000000000000000000000000000000000000000000000000000000000000000000000000000000000000000000000000000000000000000000000000000000
06000000000000000000000000000000000000000000000000000000000000000000000000000000000000000000000000000000000000000000000000000000
06000000000000000000000000000000000000000000000000000000000000000000000000000000000000000000000000000000000000000000000000000000
06000000000000000000000000000000000000000000000000000000000000000000000000000000000000000000000000000000000000000000000000000000
06000000000000000000000000000000000000000000000000000000000000000000000000000000000000000000000000000000000000000000000000000000
06000000000000000000000000000000000000000000000000000000000000000000000000000000000000000000000000000000000000000000000000000000
06000000000000000000000000000000000000000000000000000000000000000000000000000000000000000000000000000000000000000000000000000000
06000000000000000000000000000000000000000000000000000000000000000000000000000000000000000000000000000000000000000000000000000000
06000000000000000000000000000000000000000000000000000000000000000000000000000000000000000000000000000000000000000000000000000000
06000000000000000000000000000000000000000000000000000000000000000000000000000000000000000000000000000000000000000000000000000000
06000000000000000000000000000000000000000000000000000000000000000000000000000000000000000000000000000000000000000000000000000000
06000000000000000000000000000000000000000000000000000000000000000000000000000000000000000000000000000000000000000000000000000000
06000000000000000000000000000000000000000000000000000000000000000000000000000000000000000000000000000000000000000000000000000000
06000000000000000000000000000000000000000000000000000000000000000000000000000000000000000000000000000000000000000000000000000000
06000000000000000000000000000000000000000000000000000000000000000000000000000000000000000000000000000000000000000000000000000000
06000000000000000000000000000000000000000000000000000000000000000000000000000000000000000000000000000000000000000000000000000000
06000000000000000000000000000000000000000000000000000000000000000000000000000000000000000000000000000000000000000000000000000000
06000000000000000000000000000000000000000000000000000000000000000000000000000000000000000000000000000000000000000000000000000000
06000000000000000000000000000000000000000000000000000000000000000000000000000000000000000000000000000000000000000000000000000000
06000000000000000000000000000000000000000000000000000000000000000000000000000000000000000000000000000000000000000000000000000000
06000000000000000000000000000000000000000000000000000000000000000000000000000000000000000000000000000000000000000000000000000000
06000000000000000000000000000000000000000000000000000000000000000000000000000000000000000000000000000000000000000000000000000000
06000000000000000000000000000000000000000000000000000000000000000000000000000000000000000000000000000000000000000000000000000000
06000000000000000000000000000000000000000000000000000000000000000000000000000000000000000000000000000000000000000000000000000000
06000000000000000000000000000000000000000000000000000000000000000000000000000000000000000000000000000000000000000000000000000000
06000000000000000000000000000000000000000000000000000000000000000000000000000000000000000000000000000000000000000000000000000000
06000000000000000000000000000000000000000000000000000000000000000000000000000000000000000000000000000000000000000000000000000000
06000000000000000000000000000000000000000000000000000000000000000000000000000000000000000000000000000000000000000000000000000000
06000000000000000000000000000000000000000000000000000000000000000000000000000000000000000000000000000000000000000000000000000000